NormalA,0
0.0 1.5 0.0 1.0 1.0
0.05 1.5600000000000014 0.05 1.0 1.0
0.05 1.549999999999998 0.05 1.0 1.0
0.1 1.6100000000000014 0.1 1.0 1.0
0.1 1.599999999999998 0.1 1.0 1.0
0.15 1.6600000000000015 0.15 1.0 1.0
0.15 1.6499999999999981 0.15 1.0 1.0
0.2 1.7100000000000048 0.2 1.0 1.0
0.2 1.6999999999999953 0.2 1.0 1.0
0.25 1.7600000000000162 0.25 1.0 1.0
0.25 1.7499999999999836 0.25 1.0 1.0
0.3 1.810000000000005 0.3 1.0 1.0
0.3 1.7999999999999954 0.3 1.0 1.0
0.35 1.8600000000000163 0.35 1.0 1.0
0.35 1.8499999999999837 0.35 1.0 1.0
0.4 1.910000000000002 0.4 1.0 1.0
0.4 1.8999999999999986 0.4 1.0 1.0
0.45 1.960000000000002 0.45 1.0 1.0
0.45 1.9499999999999986 0.45 1.0 1.0
0.5 2.010000000000005 0.5 1.0 1.0
0.5 1.9999999999999956 0.5 1.0 1.0
0.55 2.060000000000005 0.55 1.0 1.0
0.55 2.0499999999999954 0.55 1.0 1.0
0.6 2.110000000000005 0.6 1.0 1.0
0.6 2.099999999999994 0.6 1.0 1.0
0.65 2.160000000000005 0.65 1.0 1.0
0.65 2.1499999999999937 0.65 1.0 1.0
0.7 2.210000000000004 0.7 1.0 1.0
0.7 2.1999999999999944 0.7 1.0 1.0
0.75 2.260000000000004 0.75 1.0 1.0
0.75 2.2499999999999942 0.75 1.0 1.0
0.8 2.3100000000000036 0.8 1.0 1.0
0.8 2.299999999999994 0.8 1.0 1.0
0.85 2.3600000000000034 0.85 1.0 1.0
0.85 2.349999999999994 0.85 1.0 1.0
0.9 2.4100000000000033 0.9 1.0 1.0
0.9 2.3999999999999937 0.9 1.0 1.0
0.95 2.460000000000003 0.95 1.0 1.0
0.95 2.4499999999999935 0.95 1.0 1.0
1.0 2.510000000000003 1.0 1.0 1.0
1.0 2.4999999999999933 1.0 1.0 1.0
1.05 2.5600000000000027 1.05 1.0 1.0
1.05 2.549999999999993 1.05 1.0 1.0
1.1 2.6100000000000025 1.1 1.0 1.0
1.1 2.599999999999993 1.1 1.0 1.0
1.15 2.6600000000000033 1.15 1.0 1.0
1.15 2.649999999999992 1.15 1.0 1.0
1.2 2.710000000000003 1.2 1.0 1.0
1.2 2.6999999999999917 1.2 1.0 1.0
1.25 2.760000000000003 1.25 1.0 1.0
1.25 2.7499999999999916 1.25 1.0 1.0
1.3 2.8100000000000027 1.3 1.0 1.0
1.3 2.7999999999999914 1.3 1.0 1.0
1.35 2.8600000000000025 1.35 1.0 1.0
1.35 2.849999999999991 1.35 1.0 1.0
1.4 2.910000000000001 1.4 1.0 1.0
1.4 2.8999999999999915 1.4 1.0 1.0
1.45 2.960000000000001 1.45 1.0 1.0
1.45 2.9499999999999913 1.45 1.0 1.0
1.5 3.0100000000000007 1.5 1.0 1.0
1.5 2.999999999999991 1.5 1.0 1.0
1.55 3.0600000000000005 1.55 1.0 1.0
1.55 3.049999999999991 1.55 1.0 1.0
1.6 3.1100000000000003 1.6 1.0 1.0
1.6 3.0999999999999908 1.6 1.0 1.0
1.65 3.1600000000000006 1.65 1.0 1.0
1.65 3.1499999999999893 1.65 1.0 1.0
1.7 3.2100000000000004 1.7 1.0 1.0
1.7 3.199999999999989 1.7 1.0 1.0
1.75 3.2600000000000002 1.75 1.0 1.0
1.75 3.249999999999989 1.75 1.0 1.0
1.8 3.31 1.8 1.0 1.0
1.8 3.2999999999999887 1.8 1.0 1.0
1.85 3.36 1.85 1.0 1.0
1.85 3.3499999999999885 1.85 1.0 1.0
1.9 3.409999999999999 1.9 1.0 1.0
1.9 3.3999999999999893 1.9 1.0 1.0
1.95 3.4599999999999986 1.95 1.0 1.0
1.95 3.449999999999989 1.95 1.0 1.0
2.0 3.5099999999999985 2.0 1.0 1.0
2.0 3.499999999999989 2.0 1.0 1.0
2.05 3.5599999999999983 2.05 1.0 1.0
2.05 3.5499999999999887 2.05 1.0 1.0
2.1 3.6099999999999985 2.1 1.0 1.0
2.1 3.599999999999989 2.1 1.0 1.0
2.15 3.6599999999999984 2.15 1.0 1.0
2.15 3.649999999999989 2.15 1.0 1.0
2.2 3.7099999999999986 2.2 1.0 1.0
2.2 3.699999999999989 2.2 1.0 1.0
2.25 3.7599999999999985 2.25 1.0 1.0
2.25 3.749999999999989 2.25 1.0 1.0
2.3 3.8099999999999983 2.3 1.0 1.0
2.3 3.7999999999999887 2.3 1.0 1.0
2.35 3.8599999999999985 2.35 1.0 1.0
2.35 3.849999999999989 2.35 1.0 1.0
2.4 3.9099999999999984 2.4 1.0 1.0
2.4 3.899999999999989 2.4 1.0 1.0
2.45 3.9599999999999986 2.45 1.0 1.0
2.45 3.949999999999989 2.45 1.0 1.0
2.5 4.010000000000048 2.5 1.0 1.0
2.5 3.99999999999994 2.5 1.0 1.0
2.55 4.0600000000000165 2.55 1.0 1.0
2.55 4.049999999999972 2.55 1.0 1.0
2.6 4.109999999999999 2.6 1.0 1.0
2.6 4.099999999999989 2.6 1.0 1.0
2.65 4.159999999999999 2.65 1.0 1.0
2.65 4.149999999999989 2.65 1.0 1.0
2.7 4.210000000000017 2.7 1.0 1.0
2.7 4.199999999999973 2.7 1.0 1.0
2.75 4.260000000000048 2.75 1.0 1.0
2.75 4.24999999999994 2.75 1.0 1.0
2.8 4.3100000000000165 2.8 1.0 1.0
2.8 4.299999999999972 2.8 1.0 1.0
2.85 4.359999999999999 2.85 1.0 1.0
2.85 4.349999999999989 2.85 1.0 1.0
2.9 4.409999999999999 2.9 1.0 1.0
2.9 4.399999999999989 2.9 1.0 1.0
2.95 4.460000000000017 2.95 1.0 1.0
2.95 4.449999999999973 2.95 1.0 1.0
3.0 4.510000000000048 3.0 1.0 1.0
3.0 4.49999999999994 3.0 1.0 1.0
3.05 4.5600000000000165 3.05 1.0 1.0
3.05 4.549999999999972 3.05 1.0 1.0
3.1 4.609999999999999 3.1 1.0 1.0
3.1 4.599999999999989 3.1 1.0 1.0
3.15 4.659999999999999 3.15 1.0 1.0
3.15 4.649999999999989 3.15 1.0 1.0
3.2 4.710000000000017 3.2 1.0 1.0
3.2 4.699999999999973 3.2 1.0 1.0
3.25 4.760000000000048 3.25 1.0 1.0
3.25 4.74999999999994 3.25 1.0 1.0
3.3 4.8100000000000165 3.3 1.0 1.0
3.3 4.799999999999972 3.3 1.0 1.0
3.35 4.859999999999999 3.35 1.0 1.0
3.35 4.849999999999989 3.35 1.0 1.0
3.4 4.909999999999999 3.4 1.0 1.0
3.4 4.899999999999989 3.4 1.0 1.0
3.45 4.960000000000017 3.45 1.0 1.0
3.45 4.949999999999973 3.45 1.0 1.0
3.5 5.010000000000048 3.5 1.0 1.0
NormalA,0->NormalC,2
0.0 4.9499999999999735 3.45 -1.0 1.0
0.05 5.0 3.6000000000000028 -1.0 1.0
0.05 4.899999999999974 3.499999999999997 -1.0 1.0
0.1 4.950000000000027 3.6500000000000026 -1.0 1.0
0.1 4.849999999999974 3.5499999999999967 -1.0 1.0
0.15 4.900000000000027 3.7000000000000024 -1.0 1.0
0.15 4.799999999999974 3.5999999999999965 -1.0 1.0
0.2 4.850000000000027 3.750000000000002 -1.0 1.0
0.2 4.749999999999974 3.6499999999999964 -1.0 1.0
0.25 4.800000000000027 3.800000000000002 -1.0 1.0
0.25 4.699999999999974 3.699999999999996 -1.0 1.0
0.3 4.7500000000000275 3.850000000000002 -1.0 1.0
0.3 4.649999999999975 3.749999999999996 -1.0 1.0
0.35 4.700000000000028 3.9000000000000017 -1.0 1.0
0.35 4.599999999999993 3.799999999999996 -1.0 1.0
0.4 4.650000000000028 3.9500000000000046 -1.0 1.0
0.4 4.549999999999975 3.8499999999999925 -1.0 1.0
0.45 4.600000000000009 4.000000000000004 -1.0 1.0
0.45 4.499999999999994 3.8999999999999924 -1.0 1.0
0.5 4.550000000000028 4.050000000000004 -1.0 1.0
0.5 4.449999999999975 3.949999999999992 -1.0 1.0
0.55 4.50000000000001 4.100000000000004 -1.0 1.0
0.55 4.3999999999999755 3.999999999999992 -1.0 1.0
0.6 4.450000000000029 4.150000000000006 -1.0 1.0
0.6 4.349999999999855 4.04999999999999 -1.0 1.0
0.65 4.400000000000029 4.200000000000004 -1.0 1.0
0.65 4.299999999999855 4.099999999999992 -1.0 1.0
0.7 4.35000000000015 4.2500000000000036 -1.0 1.0
0.7 4.249999999999855 4.1499999999999915 -1.0 1.0
0.75 4.30000000000015 4.300000000000003 -1.0 1.0
0.75 4.199999999999855 4.199999999999991 -1.0 1.0
0.8 4.25000000000015 4.350000000000003 -1.0 1.0
0.8 4.1499999999998565 4.249999999999991 -1.0 1.0
0.85 4.20000000000015 4.400000000000008 -1.0 1.0
0.85 4.099999999999856 4.299999999999984 -1.0 1.0
0.9 4.150000000000151 4.450000000000003 -1.0 1.0
0.9 4.049999999999857 4.349999999999991 -1.0 1.0
0.95 4.100000000000151 4.500000000000008 -1.0 1.0
0.95 3.9999999999998566 4.3999999999999835 -1.0 1.0
1.0 4.050000000000152 4.5500000000000025 -1.0 1.0
1.0 3.949999999999857 4.44999999999999 -1.0 1.0
1.05 4.000000000000151 4.600000000000008 -1.0 1.0
1.05 3.8999999999998574 4.499999999999983 -1.0 1.0
1.1 3.950000000000151 4.650000000000002 -1.0 1.0
1.1 3.849999999999858 4.54999999999999 -1.0 1.0
1.15 3.9000000000001513 4.700000000000007 -1.0 1.0
1.15 3.799999999999858 4.599999999999983 -1.0 1.0
1.2 3.850000000000152 4.750000000000001 -1.0 1.0
1.2 3.7499999999998583 4.649999999999989 -1.0 1.0
1.25 3.800000000000152 4.800000000000007 -1.0 1.0
1.25 3.6999999999998585 4.699999999999982 -1.0 1.0
1.3 3.7500000000001523 4.8500000000000005 -1.0 1.0
1.3 3.6499999999998587 4.7499999999999885 -1.0 1.0
1.35 3.7000000000001525 4.900000000000007 -1.0 1.0
1.35 3.599999999999932 4.799999999999982 -1.0 1.0
1.4 3.6500000000001527 4.950000000000016 -1.0 1.0
1.4 3.5499999999999323 4.849999999999972 -1.0 1.0
1.45 3.6000000000000796 5.0 -1.0 1.0
1.45 3.4999999999999325 4.899999999999988 -1.0 1.0
1.5 3.5500000000000798 5.050000000000016 -1.0 1.0
NormalA,0->NormalC,2->NormalD,3
0.0 3.3999999999999186 4.949999999999926 -1.0 -1.0
0.05 3.5500000000000798 5.0 -1.0 -1.0
0.05 3.349999999999919 4.899999999999926 -1.0 -1.0
0.1 3.500000000000094 4.950000000000075 -1.0 -1.0
0.1 3.299999999999919 4.849999999999926 -1.0 -1.0
0.15 3.4500000000000943 4.900000000000075 -1.0 -1.0
0.15 3.249999999999919 4.799999999999926 -1.0 -1.0
0.2 3.4000000000000945 4.850000000000075 -1.0 -1.0
0.2 3.1999999999999194 4.749999999999926 -1.0 -1.0
0.25 3.3500000000000947 4.800000000000075 -1.0 -1.0
0.25 3.1499999999999195 4.6999999999999265 -1.0 -1.0
0.3 3.300000000000095 4.7500000000000755 -1.0 -1.0
0.3 3.0999999999999197 4.649999999999927 -1.0 -1.0
0.35 3.250000000000095 4.700000000000076 -1.0 -1.0
0.35 3.04999999999992 4.599999999999927 -1.0 -1.0
0.4 3.200000000000095 4.650000000000076 -1.0 -1.0
0.4 2.99999999999992 4.549999999999927 -1.0 -1.0
0.45 3.1500000000000954 4.600000000000076 -1.0 -1.0
0.45 2.9499999999999202 4.499999999999927 -1.0 -1.0
0.5 3.1000000000000956 4.550000000000076 -1.0 -1.0
0.5 2.8999999999999204 4.449999999999927 -1.0 -1.0
0.55 3.0500000000000957 4.500000000000076 -1.0 -1.0
0.55 2.849999999999925 4.3999999999999275 -1.0 -1.0
0.6 3.000000000000096 4.450000000000077 -1.0 -1.0
0.6 2.799999999999925 4.349999999999928 -1.0 -1.0
0.65 2.9500000000000917 4.400000000000077 -1.0 -1.0
0.65 2.749999999999926 4.299999999999928 -1.0 -1.0
0.7 2.900000000000092 4.350000000000077 -1.0 -1.0
0.7 2.699999999999926 4.249999999999928 -1.0 -1.0
0.75 2.8500000000000925 4.300000000000077 -1.0 -1.0
0.75 2.649999999999926 4.199999999999928 -1.0 -1.0
0.8 2.8000000000000926 4.250000000000077 -1.0 -1.0
0.8 2.5999999999999264 4.149999999999987 -1.0 -1.0
0.85 2.750000000000093 4.2000000000000774 -1.0 -1.0
0.85 2.5499999999999265 4.099999999999929 -1.0 -1.0
0.9 2.700000000000093 4.150000000000021 -1.0 -1.0
0.9 2.4999999999999223 4.049999999999987 -1.0 -1.0
0.95 2.650000000000093 4.100000000000078 -1.0 -1.0
0.95 2.449999999999927 3.999999999999929 -1.0 -1.0
1.0 2.600000000000098 4.050000000000021 -1.0 -1.0
1.0 2.399999999999927 3.949999999999967 -1.0 -1.0
1.05 2.5500000000000935 4.000000000000078 -1.0 -1.0
1.05 2.3499999999999273 3.899999999999967 -1.0 -1.0
1.1 2.5000000000000937 3.9500000000000415 -1.0 -1.0
1.1 2.2999999999999234 3.849999999999979 -1.0 -1.0
1.15 2.450000000000094 3.9000000000000417 -1.0 -1.0
1.15 2.2499999999999236 3.7999999999999794 -1.0 -1.0
1.2 2.400000000000099 3.8500000000000307 -1.0 -1.0
1.2 2.199999999999924 3.7499999999999796 -1.0 -1.0
1.25 2.350000000000099 3.800000000000031 -1.0 -1.0
1.25 2.149999999999924 3.6999999999999797 -1.0 -1.0
1.3 2.3000000000000993 3.750000000000031 -1.0 -1.0
1.3 2.099999999999924 3.64999999999998 -1.0 -1.0
1.35 2.2500000000000995 3.7000000000000313 -1.0 -1.0
1.35 2.0499999999999243 3.5999999999999686 -1.0 -1.0
1.4 2.2000000000000997 3.6500000000000314 -1.0 -1.0
1.4 1.9999999999999245 3.5499999999999687 -1.0 -1.0
1.45 2.1500000000001 3.600000000000043 -1.0 -1.0
1.45 1.9499999999999247 3.499999999999969 -1.0 -1.0
1.5 2.1000000000001 3.5500000000000433 -1.0 -1.0
1.5 1.8999999999999266 3.449999999999969 -1.0 -1.0
1.55 2.0500000000001 3.5000000000000435 -1.0 -1.0
1.55 1.8499999999999266 3.3999999999999693 -1.0 -1.0
1.6 2.0000000000000977 3.4500000000000437 -1.0 -1.0
1.6 1.7999999999999268 3.349999999999932 -1.0 -1.0
1.65 1.9500000000000977 3.400000000000044 -1.0 -1.0
1.65 1.7499999999999267 3.2999999999999323 -1.0 -1.0
1.7 1.9000000000000978 3.3500000000000814 -1.0 -1.0
1.7 1.6999999999999267 3.2499999999999325 -1.0 -1.0
1.75 1.8500000000000978 3.3000000000000815 -1.0 -1.0
1.75 1.6499999999999266 3.1999999999999327 -1.0 -1.0
1.8 1.8000000000000977 3.2500000000000817 -1.0 -1.0
1.8 1.5999999999999266 3.149999999999933 -1.0 -1.0
1.85 1.7500000000000977 3.200000000000082 -1.0 -1.0
1.85 1.5499999999999268 3.099999999999971 -1.0 -1.0
1.9 1.7000000000000977 3.150000000000082 -1.0 -1.0
1.9 1.4999999999999267 3.049999999999971 -1.0 -1.0
1.95 1.6500000000000978 3.1000000000000454 -1.0 -1.0
1.95 1.449999999999929 2.999999999999971 -1.0 -1.0
2.0 1.6000000000000978 3.0500000000000456 -1.0 -1.0
2.0 1.3999999999999289 2.9499999999999713 -1.0 -1.0
2.05 1.5500000000000955 3.0000000000000457 -1.0 -1.0
2.05 1.3499999999999284 2.899999999999971 -1.0 -1.0
2.1 1.5000000000000955 2.950000000000046 -1.0 -1.0
2.1 1.2999999999999283 2.8499999999999712 -1.0 -1.0
2.15 1.450000000000095 2.9000000000000457 -1.0 -1.0
2.15 1.2499999999999278 2.799999999999971 -1.0 -1.0
2.2 1.400000000000095 2.850000000000046 -1.0 -1.0
2.2 1.1999999999999278 2.749999999999971 -1.0 -1.0
2.25 1.3500000000000945 2.8000000000000456 -1.0 -1.0
2.25 1.1499999999999277 2.6999999999999713 -1.0 -1.0
2.3 1.3000000000000944 2.7500000000000457 -1.0 -1.0
2.3 1.0999999999999273 2.649999999999971 -1.0 -1.0
2.35 1.2500000000000944 2.700000000000046 -1.0 -1.0
2.35 1.0499999999999272 2.5999999999999712 -1.0 -1.0
2.4 1.2000000000000939 2.6500000000000457 -1.0 -1.0
2.4 0.9999999999999266 2.549999999999971 -1.0 -1.0
2.45 1.1500000000000938 2.600000000000046 -1.0 -1.0
2.45 0.9499999999999266 2.499999999999971 -1.0 -1.0
2.5 1.1000000000000933 2.5500000000000456 -1.0 -1.0
2.5 0.8999999999999265 2.4499999999999713 -1.0 -1.0
2.55 1.0500000000000933 2.5000000000000457 -1.0 -1.0
2.55 0.849999999999926 2.399999999999971 -1.0 -1.0
2.6 1.0000000000000933 2.450000000000046 -1.0 -1.0
2.6 0.799999999999926 2.3499999999999712 -1.0 -1.0
2.65 0.9500000000000929 2.4000000000000457 -1.0 -1.0
2.65 0.7499999999999255 2.299999999999971 -1.0 -1.0
2.7 0.9000000000000928 2.350000000000046 -1.0 -1.0
2.7 0.6999999999999255 2.249999999999971 -1.0 -1.0
2.75 0.8500000000000923 2.3000000000000456 -1.0 -1.0
2.75 0.6499999999999254 2.1999999999999713 -1.0 -1.0
2.8 0.8000000000000923 2.2500000000000457 -1.0 -1.0
2.8 0.5999999999999249 2.149999999999971 -1.0 -1.0
2.85 0.7500000000000923 2.200000000000046 -1.0 -1.0
2.85 0.5499999999999249 2.0999999999999712 -1.0 -1.0
2.9 0.7000000000000918 2.1500000000000457 -1.0 -1.0
2.9 0.49999999999992445 2.049999999999971 -1.0 -1.0
2.95 0.6500000000000917 2.100000000000046 -1.0 -1.0
2.95 0.4499999999999244 1.9999999999999334 -1.0 -1.0
3.0 0.6000000000000912 2.0500000000000456 -1.0 -1.0
3.0 0.39999999999992447 1.9499999999999709 -1.0 -1.0
3.05 0.5500000000000912 2.0000000000000826 -1.0 -1.0
3.05 0.34999999999992404 1.8999999999999704 -1.0 -1.0
3.1 0.5000000000000913 1.9500000000000455 -1.0 -1.0
3.1 0.29999999999992405 1.8499999999999703 -1.0 -1.0
3.15 0.45000000000009077 1.900000000000045 -1.0 -1.0
3.15 0.24999999999992362 1.7999999999999698 -1.0 -1.0
3.2 0.4000000000000908 1.850000000000045 -1.0 -1.0
3.2 0.19999999999992363 1.7499999999999698 -1.0 -1.0
3.25 0.35000000000009035 1.8000000000000445 -1.0 -1.0
3.25 0.14999999999992364 1.6999999999999698 -1.0 -1.0
3.3 0.30000000000009036 1.7500000000000444 -1.0 -1.0
3.3 0.09999999999992319 1.6499999999999693 -1.0 -1.0
3.35 0.25000000000009037 1.7000000000000444 -1.0 -1.0
3.35 0.04999999999992319 1.5999999999999692 -1.0 -1.0
3.4 0.20000000000008994 1.6500000000000439 -1.0 -1.0
3.4 -7.725764472610308e-14 1.5499999999999687 -1.0 -1.0
3.45 0.15000000000008995 1.6000000000000438 -1.0 -1.0
3.45 -0.05000000000007726 1.4999999999999687 -1.0 -1.0
3.5 0.1000000000000895 1.5500000000000433 -1.0 -1.0
3.5 -0.10000000000007726 1.4499999999999686 -1.0 -1.0
3.55 0.0500000000000895 1.5000000000000433 -1.0 -1.0
NormalA,0->NormalC,2->NormalD,3->NormalA,0
0.0 0.0 1.349999999999962 1.0 -1.0
0.05 0.05 1.6000000000000438 1.0 -1.0
0.05 0.05 1.299999999999962 1.0 -1.0
0.1 0.1 1.5500000000000504 1.0 -1.0
0.1 0.1 1.2499999999999618 1.0 -1.0
0.15 0.15 1.5000000000000502 1.0 -1.0
0.15 0.15 1.199999999999962 1.0 -1.0
0.2 0.2 1.4500000000000504 1.0 -1.0
0.2 0.2 1.1499999999999617 1.0 -1.0
0.25 0.25 1.40000000000005 1.0 -1.0
0.25 0.25 1.099999999999962 1.0 -1.0
0.3 0.3 1.3500000000000498 1.0 -1.0
0.3 0.3 1.0499999999999616 1.0 -1.0
0.35 0.35 1.30000000000005 1.0 -1.0
0.35 0.35 0.9999999999999615 1.0 -1.0
0.4 0.4 1.2500000000000497 1.0 -1.0
0.4 0.4 0.9499999999999614 1.0 -1.0
0.45 0.45 1.20000000000005 1.0 -1.0
0.45 0.45 0.8999999999999616 1.0 -1.0
0.5 0.5 1.1500000000000496 1.0 -1.0
0.5 0.5 0.8499999999999615 1.0 -1.0
0.55 0.55 1.1000000000000498 1.0 -1.0
0.55 0.55 0.7999999999999615 1.0 -1.0
0.6 0.6 1.0500000000000498 1.0 -1.0
0.6 0.6 0.7499999999999615 1.0 -1.0
0.65 0.65 1.0000000000000497 1.0 -1.0
0.65 0.65 0.6999999999999615 1.0 -1.0
0.7 0.7 0.9500000000000498 1.0 -1.0
0.7 0.7 0.6499999999999615 1.0 -1.0
0.75 0.75 0.9000000000000499 1.0 -1.0
0.75 0.75 0.5999999999999615 1.0 -1.0
0.8 0.8 0.8500000000000498 1.0 -1.0
0.8 0.8 0.5499999999999615 1.0 -1.0
0.85 0.85 0.8000000000000498 1.0 -1.0
0.85 0.85 0.4999999999999615 1.0 -1.0
0.9 0.9 0.7500000000000498 1.0 -1.0
0.9 0.9 0.44999999999996154 1.0 -1.0
0.95 0.95 0.7000000000000498 1.0 -1.0
0.95 0.95 0.3999999999999614 1.0 -1.0
1.0 1.0 0.6500000000000499 1.0 -1.0
1.0 1.0 0.34999999999996145 1.0 -1.0
1.05 1.05 0.6000000000000497 1.0 -1.0
1.05 1.05 0.29999999999996146 1.0 -1.0
1.1 1.1 0.5500000000000498 1.0 -1.0
1.1 1.1 0.2499999999999617 1.0 -1.0
1.15 1.15 0.5000000000000497 1.0 -1.0
1.15 1.15 0.1999999999999617 1.0 -1.0
1.2 1.2 0.45000000000005 1.0 -1.0
1.2 1.2 0.14999999999996172 1.0 -1.0
1.25 1.25 0.40000000000005004 1.0 -1.0
1.25 1.25 0.09999999999996173 1.0 -1.0
1.3 1.3 0.35000000000005005 1.0 -1.0
1.3 1.3 0.04999999999996174 1.0 -1.0
1.35 1.35 0.30000000000005006 1.0 -1.0
1.35 1.35 -3.8039016381219426e-14 1.0 -1.0
1.4 1.4 0.25000000000005007 1.0 -1.0
1.4 1.4 -0.05000000000003804 1.0 -1.0
1.45 1.45 0.2000000000000503 1.0 -1.0
1.45 1.45 -0.10000000000003804 1.0 -1.0
1.5 1.5 0.1500000000000503 1.0 -1.0
1.5 1.5 -0.15000000000003805 1.0 -1.0
1.55 1.55 0.10000000000005028 1.0 -1.0
NormalA,0->NormalC,2->NormalD,3->NormalA,0->NormalA,0
0.0 1.35 0.0 1.0 1.0
0.05 1.65 0.05 1.0 1.0
0.05 1.4 0.05 1.0 1.0
0.1 1.7 0.1 1.0 1.0
0.1 1.45 0.1 1.0 1.0
0.15 1.75 0.15 1.0 1.0
0.15 1.5 0.15 1.0 1.0
0.2 1.800000000000002 0.2 1.0 1.0
0.2 1.5499999999999985 0.2 1.0 1.0
0.25 1.8500000000000045 0.25 1.0 1.0
0.25 1.5999999999999956 0.25 1.0 1.0
0.3 1.9000000000000021 0.3 1.0 1.0
0.3 1.6499999999999986 0.3 1.0 1.0
0.35 1.9500000000000046 0.35 1.0 1.0
0.35 1.6999999999999957 0.35 1.0 1.0
0.4 2.0000000000000004 0.4 1.0 1.0
0.4 1.7500000000000004 0.4 1.0 1.0
0.45 2.0500000000000047 0.45 1.0 1.0
0.45 1.7999999999999963 0.45 1.0 1.0
0.5 2.100000000000005 0.5 1.0 1.0
0.5 1.849999999999996 0.5 1.0 1.0
0.55 2.150000000000005 0.55 1.0 1.0
0.55 1.899999999999996 0.55 1.0 1.0
0.6 2.2000000000000046 0.6 1.0 1.0
0.6 1.9499999999999957 0.6 1.0 1.0
0.65 2.2500000000000044 0.65 1.0 1.0
0.65 1.9999999999999956 0.65 1.0 1.0
0.7 2.300000000000004 0.7 1.0 1.0
0.7 2.049999999999995 0.7 1.0 1.0
0.75 2.3500000000000036 0.75 1.0 1.0
0.75 2.0999999999999948 0.75 1.0 1.0
0.8 2.4000000000000035 0.8 1.0 1.0
0.8 2.1499999999999946 0.8 1.0 1.0
0.85 2.4500000000000033 0.85 1.0 1.0
0.85 2.1999999999999944 0.85 1.0 1.0
0.9 2.500000000000003 0.9 1.0 1.0
0.9 2.2499999999999942 0.9 1.0 1.0
0.95 2.550000000000003 0.95 1.0 1.0
0.95 2.299999999999994 0.95 1.0 1.0
1.0 2.6000000000000028 1.0 1.0 1.0
1.0 2.349999999999994 1.0 1.0 1.0
1.05 2.6500000000000026 1.05 1.0 1.0
1.05 2.3999999999999937 1.05 1.0 1.0
1.1 2.7000000000000024 1.1 1.0 1.0
1.1 2.4499999999999935 1.1 1.0 1.0
1.15 2.7500000000000346 1.15 1.0 1.0
1.15 2.49999999999996 1.15 1.0 1.0
1.2 2.8000000000000345 1.2 1.0 1.0
1.2 2.54999999999996 1.2 1.0 1.0
1.25 2.8500000000000343 1.25 1.0 1.0
1.25 2.5999999999999597 1.25 1.0 1.0
1.3 2.900000000000034 1.3 1.0 1.0
1.3 2.6499999999999595 1.3 1.0 1.0
1.35 2.950000000000034 1.35 1.0 1.0
1.35 2.6999999999999593 1.35 1.0 1.0
1.4 3.000000000000001 1.4 1.0 1.0
1.4 2.749999999999992 1.4 1.0 1.0
1.45 3.0500000000000007 1.45 1.0 1.0
1.45 2.799999999999992 1.45 1.0 1.0
1.5 3.1000000000000005 1.5 1.0 1.0
1.5 2.8499999999999917 1.5 1.0 1.0
1.55 3.1500000000000004 1.55 1.0 1.0
1.55 2.8999999999999915 1.55 1.0 1.0
1.6 3.2 1.6 1.0 1.0
1.6 2.9499999999999913 1.6 1.0 1.0
1.65 3.25 1.65 1.0 1.0
1.65 2.999999999999991 1.65 1.0 1.0
1.7 3.3 1.7 1.0 1.0
1.7 3.049999999999991 1.7 1.0 1.0
1.75 3.3499999999999996 1.75 1.0 1.0
1.75 3.0999999999999908 1.75 1.0 1.0
1.8 3.3999999999999995 1.8 1.0 1.0
1.8 3.1499999999999906 1.8 1.0 1.0
1.85 3.4499999999999993 1.85 1.0 1.0
1.85 3.1999999999999904 1.85 1.0 1.0
1.9 3.4999999999999987 1.9 1.0 1.0
1.9 3.24999999999999 1.9 1.0 1.0
1.95 3.5499999999999985 1.95 1.0 1.0
1.95 3.2999999999999896 1.95 1.0 1.0
2.0 3.5999999999999983 2.0 1.0 1.0
2.0 3.3499999999999894 2.0 1.0 1.0
2.05 3.649999999999998 2.05 1.0 1.0
2.05 3.3999999999999893 2.05 1.0 1.0
2.1 3.6999999999999984 2.1 1.0 1.0
2.1 3.4499999999999895 2.1 1.0 1.0
2.15 3.7499999999999982 2.15 1.0 1.0
2.15 3.4999999999999893 2.15 1.0 1.0
2.2 3.7999999999999985 2.2 1.0 1.0
2.2 3.5499999999999896 2.2 1.0 1.0
2.25 3.8499999999999983 2.25 1.0 1.0
2.25 3.5999999999999894 2.25 1.0 1.0
2.3 3.899999999999998 2.3 1.0 1.0
2.3 3.6499999999999893 2.3 1.0 1.0
2.35 3.9499999999999984 2.35 1.0 1.0
2.35 3.6999999999999895 2.35 1.0 1.0
2.4 3.9999999999999982 2.4 1.0 1.0
2.4 3.7499999999999893 2.4 1.0 1.0
2.45 4.050000000000016 2.45 1.0 1.0
2.45 3.7999999999999723 2.45 1.0 1.0
2.5 4.100000000000009 2.5 1.0 1.0
2.5 3.8499999999999783 2.5 1.0 1.0
2.55 4.1500000000000306 2.55 1.0 1.0
2.55 3.899999999999956 2.55 1.0 1.0
2.6 4.200000000000031 2.6 1.0 1.0
2.6 3.9499999999999567 2.6 1.0 1.0
2.65 4.250000000000031 2.65 1.0 1.0
2.65 3.9999999999999565 2.65 1.0 1.0
2.7 4.300000000000031 2.7 1.0 1.0
2.7 4.049999999999956 2.7 1.0 1.0
2.75 4.350000000000032 2.75 1.0 1.0
2.75 4.099999999999957 2.75 1.0 1.0
2.8 4.4000000000000306 2.8 1.0 1.0
2.8 4.149999999999956 2.8 1.0 1.0
2.85 4.450000000000031 2.85 1.0 1.0
2.85 4.199999999999957 2.85 1.0 1.0
2.9 4.500000000000031 2.9 1.0 1.0
2.9 4.2499999999999565 2.9 1.0 1.0
2.95 4.550000000000031 2.95 1.0 1.0
2.95 4.299999999999956 2.95 1.0 1.0
3.0 4.600000000000032 3.0 1.0 1.0
3.0 4.349999999999957 3.0 1.0 1.0
3.05 4.6500000000000306 3.05 1.0 1.0
3.05 4.399999999999956 3.05 1.0 1.0
3.1 4.700000000000031 3.1 1.0 1.0
3.1 4.449999999999957 3.1 1.0 1.0
3.15 4.750000000000031 3.15 1.0 1.0
3.15 4.4999999999999565 3.15 1.0 1.0
3.2 4.800000000000031 3.2 1.0 1.0
3.2 4.549999999999956 3.2 1.0 1.0
3.25 4.850000000000032 3.25 1.0 1.0
3.25 4.599999999999957 3.25 1.0 1.0
3.3 4.9000000000000306 3.3 1.0 1.0
3.3 4.649999999999956 3.3 1.0 1.0
3.35 4.950000000000031 3.35 1.0 1.0
3.35 4.699999999999957 3.35 1.0 1.0
3.4 5.000000000000031 3.4 1.0 1.0
3.4 4.7499999999999565 3.4 1.0 1.0
3.45 5.050000000000031 3.45 1.0 1.0
3.45 4.799999999999956 3.45 1.0 1.0
3.5 5.100000000000032 3.5 1.0 1.0
3.5 4.849999999999957 3.5 1.0 1.0
3.55 5.1500000000000306 3.55 1.0 1.0
3.55 4.899999999999956 3.55 1.0 1.0
3.6 5.200000000000031 3.6 1.0 1.0
NormalA,0->NormalC,2->NormalD,3->NormalA,0->NormalA,0->NormalC,2
0.0 4.9499999999999735 3.35 -1.0 1.0
0.05 5.0 3.700000000000088 -1.0 1.0
0.05 4.899999999999974 3.3999999999999115 -1.0 1.0
0.1 4.950000000000027 3.750000000000088 -1.0 1.0
0.1 4.849999999999974 3.4499999999999114 -1.0 1.0
0.15 4.900000000000027 3.8000000000000878 -1.0 1.0
0.15 4.799999999999974 3.499999999999911 -1.0 1.0
0.2 4.850000000000027 3.8500000000000876 -1.0 1.0
0.2 4.749999999999974 3.549999999999911 -1.0 1.0
0.25 4.800000000000027 3.9000000000000874 -1.0 1.0
0.25 4.699999999999974 3.599999999999911 -1.0 1.0
0.3 4.7500000000000275 3.950000000000087 -1.0 1.0
0.3 4.649999999999975 3.6499999999999106 -1.0 1.0
0.35 4.700000000000028 4.000000000000087 -1.0 1.0
0.35 4.599999999999975 3.6999999999999105 -1.0 1.0
0.4 4.650000000000028 4.050000000000087 -1.0 1.0
0.4 4.549999999999975 3.7499999999999103 -1.0 1.0
0.45 4.600000000000028 4.100000000000087 -1.0 1.0
0.45 4.499999999999975 3.79999999999991 -1.0 1.0
0.5 4.550000000000028 4.1500000000000865 -1.0 1.0
0.5 4.449999999999975 3.84999999999991 -1.0 1.0
0.55 4.500000000000028 4.200000000000086 -1.0 1.0
0.55 4.399999999999855 3.8999999999999098 -1.0 1.0
0.6 4.450000000000029 4.250000000000012 -1.0 1.0
0.6 4.349999999999976 3.9499999999999833 -1.0 1.0
0.65 4.40000000000015 4.300000000000233 -1.0 1.0
0.65 4.299999999999855 3.999999999999762 -1.0 1.0
0.7 4.350000000000029 4.350000000000233 -1.0 1.0
0.7 4.249999999999855 4.049999999999762 -1.0 1.0
0.75 4.30000000000015 4.400000000000233 -1.0 1.0
0.75 4.199999999999855 4.099999999999762 -1.0 1.0
0.8 4.25000000000015 4.450000000000233 -1.0 1.0
0.8 4.1499999999998565 4.149999999999761 -1.0 1.0
0.85 4.20000000000015 4.500000000000084 -1.0 1.0
0.85 4.099999999999995 4.199999999999908 -1.0 1.0
0.9 4.150000000000151 4.5500000000002325 -1.0 1.0
0.9 4.049999999999978 4.249999999999761 -1.0 1.0
0.95 4.100000000000011 4.600000000000084 -1.0 1.0
0.95 3.9999999999999956 4.2999999999999075 -1.0 1.0
1.0 4.050000000000031 4.650000000000232 -1.0 1.0
1.0 3.9499999999999305 4.349999999999761 -1.0 1.0
1.05 4.0000000000000115 4.700000000000084 -1.0 1.0
1.05 3.8999999999999306 4.399999999999907 -1.0 1.0
1.1 3.950000000000078 4.750000000000232 -1.0 1.0
1.1 3.849999999999978 4.44999999999976 -1.0 1.0
1.15 3.900000000000078 4.800000000000083 -1.0 1.0
1.15 3.799999999999978 4.499999999999907 -1.0 1.0
1.2 3.850000000000032 4.850000000000083 -1.0 1.0
1.2 3.7499999999999782 4.549999999999907 -1.0 1.0
1.25 3.8000000000000322 4.900000000000083 -1.0 1.0
1.25 3.6999999999999784 4.599999999999906 -1.0 1.0
1.3 3.7500000000000324 4.950000000000083 -1.0 1.0
1.3 3.6499999999999786 4.649999999999906 -1.0 1.0
1.35 3.7000000000000326 5.000000000000083 -1.0 1.0
1.35 3.5999999999999788 4.699999999999906 -1.0 1.0
1.4 3.6500000000000328 5.050000000000082 -1.0 1.0
1.4 3.549999999999979 4.749999999999906 -1.0 1.0
1.45 3.600000000000033 5.100000000000082 -1.0 1.0
1.45 3.499999999999979 4.799999999999906 -1.0 1.0
1.5 3.550000000000033 5.150000000000082 -1.0 1.0
1.5 3.4499999999999793 4.8499999999999055 -1.0 1.0
1.55 3.5000000000000333 5.200000000000082 -1.0 1.0
1.55 3.3999999999999795 4.899999999999905 -1.0 1.0
1.6 3.4500000000000335 5.250000000000082 -1.0 1.0
NormalA,0->NormalC,2->NormalD,3->NormalA,0->NormalA,0->NormalC,2->NormalD,3
0.0 3.2999999999999248 4.949999999999982 -1.0 -1.0
0.05 3.700000000000032 5.0 -1.0 -1.0
0.05 3.249999999999925 4.899999999999983 -1.0 -1.0
0.1 3.6500000000000408 4.950000000000016 -1.0 -1.0
0.1 3.199999999999925 4.849999999999983 -1.0 -1.0
0.15 3.600000000000041 4.900000000000016 -1.0 -1.0
0.15 3.1499999999999253 4.799999999999983 -1.0 -1.0
0.2 3.550000000000041 4.8500000000000165 -1.0 -1.0
0.2 3.0999999999999255 4.749999999999983 -1.0 -1.0
0.25 3.5000000000000413 4.800000000000017 -1.0 -1.0
0.25 3.0499999999999257 4.699999999999983 -1.0 -1.0
0.3 3.4500000000000415 4.750000000000017 -1.0 -1.0
0.3 2.999999999999926 4.6499999999999835 -1.0 -1.0
0.35 3.4000000000000417 4.700000000000017 -1.0 -1.0
0.35 2.949999999999926 4.599999999999985 -1.0 -1.0
0.4 3.350000000000042 4.650000000000017 -1.0 -1.0
0.4 2.899999999999926 4.549999999999984 -1.0 -1.0
0.45 3.300000000000042 4.600000000000016 -1.0 -1.0
0.45 2.8499999999999264 4.499999999999986 -1.0 -1.0
0.5 3.250000000000042 4.550000000000018 -1.0 -1.0
0.5 2.7999999999999265 4.449999999999984 -1.0 -1.0
0.55 3.2000000000000424 4.500000000000016 -1.0 -1.0
0.55 2.7499999999999103 4.399999999999984 -1.0 -1.0
0.6 3.1500000000000425 4.450000000000018 -1.0 -1.0
0.6 2.6999999999999105 4.3499999999999845 -1.0 -1.0
0.65 3.100000000000059 4.400000000000018 -1.0 -1.0
0.65 2.6499999999999106 4.299999999999985 -1.0 -1.0
0.7 3.0500000000000593 4.350000000000018 -1.0 -1.0
0.7 2.599999999999911 4.249999999999985 -1.0 -1.0
0.75 3.0000000000000595 4.3000000000000185 -1.0 -1.0
0.75 2.549999999999911 4.199999999999985 -1.0 -1.0
0.8 2.9500000000000597 4.250000000000019 -1.0 -1.0
0.8 2.4999999999999294 4.149999999999985 -1.0 -1.0
0.85 2.90000000000006 4.200000000000019 -1.0 -1.0
0.85 2.4499999999999296 4.099999999999928 -1.0 -1.0
0.9 2.8500000000000427 4.150000000000019 -1.0 -1.0
0.9 2.3999999999999284 4.049999999999928 -1.0 -1.0
0.95 2.800000000000043 4.100000000000077 -1.0 -1.0
0.95 2.34999999999993 3.9999999999999862 -1.0 -1.0
1.0 2.7500000000000444 4.050000000000077 -1.0 -1.0
1.0 2.29999999999993 3.949999999999986 -1.0 -1.0
1.05 2.7000000000000433 4.00000000000002 -1.0 -1.0
1.05 2.2499999999999303 3.899999999999986 -1.0 -1.0
1.1 2.6500000000000434 3.9500000000000206 -1.0 -1.0
1.1 2.1999999999999296 3.8499999999999868 -1.0 -1.0
1.15 2.6000000000000436 3.900000000000021 -1.0 -1.0
1.15 2.1499999999999297 3.799999999999987 -1.0 -1.0
1.2 2.5500000000000456 3.8500000000000214 -1.0 -1.0
1.2 2.09999999999993 3.749999999999987 -1.0 -1.0
1.25 2.5000000000000457 3.8000000000000216 -1.0 -1.0
1.25 2.04999999999993 3.6999999999999873 -1.0 -1.0
1.3 2.450000000000046 3.7500000000000218 -1.0 -1.0
1.3 1.99999999999993 3.6499999999999875 -1.0 -1.0
1.35 2.400000000000046 3.700000000000022 -1.0 -1.0
1.35 1.9499999999999302 3.5999999999999877 -1.0 -1.0
1.4 2.3500000000000463 3.650000000000022 -1.0 -1.0
1.4 1.8999999999999304 3.549999999999988 -1.0 -1.0
1.45 2.3000000000000465 3.6000000000000223 -1.0 -1.0
1.45 1.8499999999999306 3.499999999999988 -1.0 -1.0
1.5 2.2500000000000466 3.5500000000000225 -1.0 -1.0
1.5 1.7999999999999305 3.449999999999988 -1.0 -1.0
1.55 2.200000000000047 3.5000000000000226 -1.0 -1.0
1.55 1.7499999999999305 3.3999999999999884 -1.0 -1.0
1.6 2.150000000000047 3.450000000000023 -1.0 -1.0
1.6 1.6999999999999307 3.3499999999999885 -1.0 -1.0
1.65 2.1000000000000467 3.400000000000023 -1.0 -1.0
1.65 1.6499999999999306 3.2999999999999887 -1.0 -1.0
1.7 2.050000000000047 3.350000000000023 -1.0 -1.0
