Default,0
0.0 1.25 2.0039371092132385
0.05 1.6611092539601986 2.3499999999999996
0.05 1.3593364732348932 1.7413199067353786
0.1 1.7590155476130038 2.2039318991900214
0.1 1.4609330217976073 1.4746108851293374
0.15 1.843082682365243 2.024212933975093
0.15 1.5534195699283913 1.2147884138125524
0.2 1.9133214305760837 1.8187847395202479
0.2 1.6358137759074067 0.9646670639395425
0.25 1.970288427678176 1.597218526021668
0.25 1.7075683778910022 0.7354699470603023
0.3 2.0149408884889297 1.3750529468261181
0.3 1.7685635459918132 0.5312257617029418
0.35 2.0484812373923345 1.1556452543996838
0.35 1.8190532525827483 0.35290095015466816
0.4 2.072217809208273 0.9451081448571833
0.4 1.8595829051136237 0.19961263478737826
0.45 2.0875947028349593 0.7483014022867848
0.45 1.8907583720056989 0.0693068337767315
0.5 2.0958127759503262 0.5682662789268301
0.5 1.9134632738311068 -0.04067257869741117
0.55 2.0978922280341257 0.4064331818548488
0.55 1.9286801033408436 -0.13316641954134809
0.6 2.0978922280341257 0.2629531958545773
0.6 1.9372983970414703 -0.21130422542641605
0.65 2.0947905228599257 0.13706045353819327
0.65 1.937995759827051 -0.277344975707964
0.7 2.0873262007241102 0.027778880864313654
0.7 1.9314990628461033 -0.33313680230095927
0.75 2.0761869207157355 -0.06681436083565517
0.75 1.9212413352978117 -0.3806319521915418
0.8 2.0619426118593025 -0.14886042018954398
0.8 1.9077176761859647 -0.4214693955715773
0.85 2.0450605475158534 -0.22005357691970384
0.85 1.8913455268902968 -0.4570078090627471
0.9 2.0259204175181122 -0.2819918342086937
0.9 1.8724729924494539 -0.48836441608739983
0.95 2.0048282990333743 -0.3361316407598046
0.95 1.8513874085503643 -0.5164545262474258
1.0 1.9820290195193522 -0.38376932525303326
1.0 1.8283235536343008 -0.5420271383496638
1.05 1.9577167744698427 -0.42603906063166863
1.05 1.8034711024781478 -0.565971377196872
1.1 1.9320440180567386 -0.4639221031447773
1.1 1.7769812013152113 -0.5885952327918769
1.15 1.9051288175657008 -0.49798620341287725
1.15 1.7489721201754698 -0.6102503767785424
1.2 1.8770608462529093 -0.529150324722155
1.2 1.7195340302072193 -0.631287291554261
1.25 1.8479062243043534 -0.5580991646158685
1.25 1.6887329707538445 -0.6520053403990225
1.3 1.8177113863925123 -0.5853626025650386
1.3 1.656614093956147 -0.6726645221143505
1.35 1.786506151070023 -0.6113954886051973
1.35 1.6232042844879118 -0.6934950895668905
1.4 1.7543061279964591 -0.6365913090621756
1.4 1.588514235427294 -0.7147054565510624
1.45 1.7211145813901538 -0.6612941113702335
1.45 1.5525400519066999 -0.7364887074764641
1.5 1.6869238463291305 -0.6858088314622195
1.5 1.51526445286385 -0.7590283583067523
1.55 1.6517163749193915 -0.7104102241216883
1.55 1.47665762158316 -0.7857080368921869
1.6 1.615465473482162 -0.7353502572233523
1.6 1.4366777528035706 -0.8136651147033892
1.65 1.5781357797200828 -0.7576597368415607
1.65 1.3952713329123934 -0.8428088927655245
1.7 1.5396835167824925 -0.7806045090736898
1.7 1.3523731828002796 -0.8733737040755605
1.75 1.5000565530239873 -0.8046759445313073
1.75 1.30790628858428 -0.9055992508022551
1.8 1.4591942891678482 -0.8300455899766368
1.8 1.2617814405034575 -0.9397342386096383
1.85 1.417027388942436 -0.8568918577010617
1.85 1.2138966996923108 -0.976039634545425
1.9 1.3734773653604224 -0.8854028144826624
1.9 1.164136712095289 -1.0147915164521037
1.95 1.3284560318040017 -0.9157788035045982
1.95 1.112371891839485 -1.0562834209487724
2.0 1.2818648258376224 -0.9482349122975035
2.0 1.0584575031390835 -1.100828018761497
2.05 1.2335940138396233 -0.9830032659430022
2.05 1.0022326807164423 -1.1487578417421973
2.1 1.1835217865504286 -1.0203350824109318
2.1 0.9435194458713174 -1.2004246474003877
2.15 1.1315132601285496 -1.060502371894265
2.15 0.88212180039929 -1.2561968224004811
2.2 1.0774194049486092 -1.103799088436779
2.2 0.8178250162930243 -1.3164539835870286
2.25 1.0210759363238826 -1.1505414428761265
2.25 0.7503952887816205 -1.3815776201975236
2.3 0.9623022190703237 -1.2010669519866932
2.3 0.6795799876645436 -1.451936222901493
2.35 0.900900263369186 -1.2557316186092446
2.35 0.6051088313720716 -1.5278628612533793
2.4 0.8366539253448162 -1.3149043987129365
2.4 0.5266964237362473 -1.6096226170758503
2.45 0.7693284754215248 -1.3789578004722707
2.45 0.44404673745899 -1.6973667108147001
2.5 0.6986707647522541 -1.448253066704472
2.5 0.35686029735546343 -1.7910696952503176
2.55 0.6244103090801544 -1.5231179129071166
2.55 0.26484500986307374 -1.8904459443288308
2.6 0.5462617245737563 -1.60381424492647
2.6 0.16773175524897221 -1.9948423013964014
2.65 0.46392909052031134 -1.690492725596834
2.65 0.06529596232736173 -2.10310574078114
2.7 0.3771129897072629 -1.783130591114121
2.7 -0.0426136105420601 -2.2134290337846494
2.75 0.2855211548651166 -1.88144904372457
2.75 -0.15603803809761732 -2.323185076556871
2.8 0.1888838160714093 -1.98480720835446
2.8 -0.2748632533298263 -2.428772180608426
2.85 0.08697496894008025 -2.0920716697640445
2.85 -0.3987683722673798 -2.5255086952284675
2.9 -0.02035928494552658 -2.20146501157009
2.9 -0.527171126527987 -2.607633402409943
2.95 -0.13316450737623442 -2.3104044387601026
2.95 -0.6591774057550233 -2.6684824301582153
3.0 -0.2513338234195812 -2.415353454811114
3.0 -0.7935456047809899 -2.705986148404824
3.05 -0.37455750630904916 -2.511725384735245
3.05 -0.928679102828552 -2.7099068689793064
3.1 -0.5022701535277183 -2.5888211389548226
3.1 -1.0626611895849505 -2.7099068689793064
3.15 -0.6336026167044703 -2.6357433089257984
3.15 -1.1933418985419246 -2.707614110555272
3.2 -0.7673489492834483 -2.5567269504565364
3.2 -1.3184773414345388 -2.6979045205634216
3.25 -0.9019616081331687 -2.4325245592442895
3.25 -1.435907379011525 -2.649070402470366
3.3 -1.035587387855258 -2.2583264379682872
3.3 -1.5437435312478858 -2.5662676346440896
3.35 -1.166152420592549 -2.05023507659313
3.35 -1.6405310732003175 -2.44041287155624
3.4 -1.2914946395889184 -1.8181998062661044
3.4 -1.7253527117202807 -2.2748023259710637
3.45 -1.409529233710404 -1.573507171224917
3.45 -1.7978559888250325 -2.076028934084286
3.5 -1.518420744528772 -1.327211933814464
3.5 -1.8582069019089418 -1.853178296520588
3.55 -1.616730140716317 -1.0888151032411288
3.55 -1.906989631419965 -1.6165911217759468
3.6 -1.7035097074446406 -0.8654579550200404
3.6 -1.9450805180539565 -1.376511769999389
3.65 -1.7783317741865496 -0.661690570212562
3.65 -1.9735226662215568 -1.1419432019879192
3.7 -1.841253862214328 -0.4796989522741575
3.7 -1.99399370000808 -0.9199146984044715
3.75 -1.892736363249244 -0.31979368541927294
3.75 -2.0071108304827736 -0.7152113333126895
3.8 -1.932960826881359 -0.18097599515469837
3.8 -2.0136508276672456 -0.530485902669686
3.85 -1.9633345524587809 -0.061454216511183546
3.85 -2.0145513839782114 -0.36661186509622706
3.9 -1.9851199534253134 0.04094923562447392
3.9 -2.0145513839782114 -0.22313554928400628
3.95 -1.9993264089685299 0.12851182465236716
3.95 -2.0131893277718134 -0.0987216798237621
4.0 -1.9982072553175791 0.20343027764831545
4.0 -2.0131893277718134 0.008468638004325443
4.05 -1.9878121453084698 0.2677203312981181
4.05 -2.008982482020712 0.10049032110921903
4.1 -1.9730192927447903 0.323171907960139
4.1 -2.001921615314511 0.17941533736604315
4.15 -1.9556290919457526 0.37133952869697257
4.15 -1.991213521299133 0.24720811320327538
4.2 -1.9359844610593573 0.4135530704678888
4.2 -1.9773564149581317 0.305657290313186
4.25 -1.9143541461170634 0.45093899676823845
4.25 -1.960777004108986 0.3563467382175829
4.3 -1.8909551294857359 0.48444576482520335
4.3 -1.9418280353210973 0.4006519286854749
4.35 -1.865960877888543 0.5148697000177118
4.35 -1.9207984759369223 0.43975130428825593
4.4 -1.8395083365522489 0.5428793915276978
4.4 -1.8979229053728466 0.47464543981079516
4.45 -1.811703749372726 0.569037558935375
4.45 -1.873389860614744 0.5061793643295657
4.5 -1.7826274669439546 0.5938202175242493
4.5 -1.8473490424979715 0.5350651276192626
4.55 -1.7523378595768913 0.6176331023362044
4.55 -1.8199174265102704 0.561903079912165
4.6 -1.7208744718680682 0.6408256037424633
4.6 -1.7911843586968 0.5872010651561594
4.65 -1.6882605396389954 0.6637025266528591
4.65 -1.761215749311404 0.6113912630588267
4.7 -1.6545049626284878 0.6865339776435951
4.7 -1.730057484546144 0.6348447127162956
4.75 -1.6196038265244403 0.7095637108926899
4.75 -1.69773816477246 0.6578836924869281
4.8 -1.5835415384248925 0.7330161944159863
4.8 -1.664271273303266 0.6807922192513005
4.85 -1.5462916363929717 0.7571026542009944
4.85 -1.6296568609876654 0.7038249353823205
4.9 -1.507817318035875 0.7820262918585917
4.9 -1.5938828212580203 0.7272146530146831
4.95 -1.4680717251797186 0.8079868601136251
4.95 -1.5569258165005753 0.7511787933190517
5.0 -1.426998012526791 0.835184732643224
5.0 -1.5187519056613565 0.7759249365849614
5.05 -1.3845292231971946 0.8638245787623818
5.05 -1.4793169125921435 0.8016556631459949
5.1 -1.3405879889142553 0.8941187245139574
5.1 -1.4385665668956815 0.828572834334263
5.15 -1.2950860686199404 0.926290251010369
5.15 -1.3964364422919404 0.8568814327569474
5.2 -1.2479237384041135 0.9605758471901173
5.2 -1.3528517120153891 0.8867930514409452
5.25 -1.1989890451399718 0.997228391372896
5.25 -1.307726737240936 0.9185290902949149
5.3 -1.1481569396062894 1.0365191965937437
5.3 -1.2609645023668556 0.9523236833514301
5.35 -1.095288307918369 1.0787397742573714
5.35 -1.2124559110232962 0.9884263446395931
5.4 -1.0402289316744335 1.1242029026109046
5.4 -1.1620789578604414 1.027104266036106
5.45 -0.9828084184411285 1.1732426596284848
5.45 -1.109697796764748 1.0686441431786236
5.5 -0.9228391664041089 1.226212933655861
5.5 -1.055161733628575 1.1133533190531728
5.55 -0.860115455506665 1.2834837190895005
5.55 -0.9983041854060475 1.1615599260108869
5.6 -0.794412798479312 1.3454342343835342
5.6 -0.9389416665055158 1.213611558606219
5.65 -0.7254877419024716 1.4124415550229594
5.65 -0.8768728916170748 1.2698718116466448
5.7 -0.653078382936704 1.4848630199805988
5.7 -0.8118781236622981 1.3307137588150417
5.75 -0.5769059673159946 1.5630101530143319
5.75 -0.7437189497075183 1.3965091125231608
5.8 -0.49667806120064495 1.6471112651515005
5.8 -0.6721387408274315 1.4676113874986978
5.85 -0.4120939455064926 1.737259347258875
5.85 -0.5968641479186297 1.5443308908156934
5.9 -0.3228530616400743 1.833341478707709
5.9 -0.5176081080898066 1.6268988063500092
5.95 -0.22866752700298343 1.9349460594540044
5.95 -0.4340749865902457 1.7154171048262725
6.0 -0.12927990282380425 2.0412452016301335
6.0 -0.3459686529918063 1.80979064546141
6.05 -0.0244874712616137 2.150852323785964
6.05 -0.25300447250268393 1.9096379254911344
6.1 0.0858258441544145 2.261660354590566
6.1 -0.1549263501582992 2.014177953258578
6.15 0.20164926080363435 2.3706750483213246
6.15 -0.05153003394079528 2.122093384698377
6.2 0.32279701288983065 2.4738714572876805
6.2 0.057306242606505825 2.231375324356553
6.25 0.448854537383411 2.5661190082524237
6.25 0.17158317287320007 2.339164077102619
6.3 0.5791239161710813 2.641238507347316
6.3 0.2911342642390915 2.441613265827272
6.35 0.7125770033009476 2.692264975449013
6.35 0.4155743956041854 2.533821331817383
6.4 0.8478282669819669 2.71794158773382
6.4 0.5442478594678016 2.603930103202043
6.45 0.9831415188241315 2.71794158773382
6.45 0.6761840555031162 2.615844551460423
6.5 1.1164839313565023 2.7073036551644907
6.5 0.8100720468174419 2.518895558807073
6.55 1.2456343276133257 2.7034936302167196
6.55 0.9442673869549115 2.375285330495049
6.6 1.3683411673456332 2.6815683968817954
6.6 1.076842772918104 2.185595028743175
6.65 1.4825103932313712 2.6214140903096634
6.65 1.2056882616273705 1.9653658814442585
6.7 1.5863903927365879 2.5251866531056972
6.7 1.328655606694146 1.725382022910062
6.75 1.6787173337751342 2.386728003308456
6.75 1.4437281904069736 1.4771718751317962
6.8 1.7587919764478714 2.210402588862504
6.8 1.549187779383276 1.2314604027833405
6.85 1.8264773128787621 2.003664154104173
6.85 1.6437469225796004 0.9970000694243248
6.9 1.8821270051039038 1.7760918207087075
6.9 1.7266233857397821 0.779978457820758
6.95 1.9264694339520583 1.5380871094518493
6.95 1.797547874642548 0.583985979035748
7.0 1.960476583468196 1.2995643707978761
